image_width: 3016
image_height: 2412
camera_name: pgr_camera_13306261
camera_matrix:
  rows: 3
  cols: 3
  data: [2401.220035074244, 0, 1497.687093476971, 0, 2387.788879989766, 1210.058977587484, 0, 0, 1]
distortion_model: plumb_bob
distortion_coefficients:
  rows: 1
  cols: 5
  data: [-0.01837072514000401, 0.01664106710811385, 0.001475801951148812, -0.001846129818451683, 0]
rectification_matrix:
  rows: 3
  cols: 3
  data: [0.9999117767839826, -0.000600421049002468, -0.01326944396962163, 0.0005869543340576416, 0.9999993088288061, -0.001018737709061484, 0.01327004646972814, 0.001010859275095998, 0.999911438093503]
projection_matrix:
  rows: 3
  cols: 4
  data: [2404.066062539339, 0, 1535.325866699219, 0, 0, 2404.066062539339, 1223.322296142578, 0, 0, 0, 1, 0]
