image_width: 3016
image_height: 2412
camera_name: pgr_camera_13330289
camera_matrix:
  rows: 3
  cols: 3
  data: [2385.665084653017, 0, 1502.291310464691, 0, 2373.246077948341, 1227.105487790444, 0, 0, 1]
distortion_model: plumb_bob
distortion_coefficients:
  rows: 1
  cols: 5
  data: [-0.01386861195777391, 0.004619357975176256, 0.001904159707616936, -0.0002052983694503466, 0]
rectification_matrix:
  rows: 3
  cols: 3
  data: [0.9999465460382765, -0.001202556019506176, -0.01026931960457288, 0.001212977059434108, 0.9999987556994746, 0.001008606045824809, 0.01026809392118139, -0.001021008580932195, 0.9999467604771285]
projection_matrix:
  rows: 3
  cols: 4
  data: [2404.066062539339, 0, 1535.325866699219, 217.4231820064132, 0, 2404.066062539339, 1223.322296142578, 0, 0, 0, 1, 0]
